Centroids:
Cluster 1: 6.15779 8.74889 4.21931 
Cluster 2: 8.39265 3.68724 6.34078 
Cluster 3: 3.46325 7.49512 7.87947 
Cluster 4: 2.70885 1.56251 1.99614 
Cluster 5: 2.83265 2.30321 6.86274 
Cluster 6: 2.34529 8.19659 1.47071 
Cluster 7: 8.66486 2.78811 1.27487 

"Membership" Matrix:
Point 1: 0.033638 0.00907126 0.0130426 0.134791 0.0169678 0.768411 0.024078 
Point 2: 0.0567579 0.419558 0.314216 0.0173497 0.159932 0.013239 0.0189483 
Point 3: 0.0622274 0.0227688 0.683459 0.0251432 0.151893 0.0475553 0.00695366 
Point 4: 0.00339701 0.972101 0.00204279 0.00188437 0.0034572 0.000808853 0.016309 
Point 5: 0.0111815 0.00754486 0.90888 0.00503607 0.0583905 0.00719183 0.00177565 
Point 6: 0.0240592 0.637346 0.0155734 0.0582493 0.0695568 0.00958912 0.185626 
Point 7: 0.00849514 0.00200365 0.974186 0.0015365 0.00745587 0.00570736 0.000615275 
Point 8: 0.0659547 0.0717212 0.00807783 0.0163466 0.00839369 0.0162857 0.81322 
Point 9: 0.0783805 0.0930238 0.0835881 0.264893 0.361681 0.0691292 0.0493034 
Point 10: 0.0554429 0.00982587 0.0131376 0.0656849 0.0132357 0.818364 0.0243092 
Point 11: 0.00973004 0.0801369 0.0155372 0.151381 0.707134 0.00733675 0.0287436 
Point 12: 0.00228357 0.0180794 0.000768805 0.00391953 0.00179656 0.000968975 0.972183 
Point 13: 0.00557832 0.0428811 0.0112233 0.0760404 0.845803 0.00442763 0.0140459 
Point 14: 0.0102799 0.0853936 0.0322103 0.0359046 0.815274 0.00643157 0.0145059 
Point 15: 0.000775317 0.00140721 0.00101232 0.979294 0.0137821 0.00163581 0.0020936 
Point 16: 0.00649676 0.000546576 0.0012101 0.00196759 0.000711738 0.988116 0.000950998 
Point 17: 0.00619035 0.0828341 0.00318075 0.0198735 0.0104025 0.00315984 0.874359 
Point 18: 0.00662711 0.0441043 0.00331659 0.0227746 0.00934852 0.00408189 0.909747 
Point 19: 0.0826754 0.583305 0.0725113 0.043619 0.147254 0.0201818 0.0504527 
Point 20: 0.00506779 0.000796511 0.991357 0.000281633 0.00131518 0.00100987 0.000171868 
Point 21: 0.00978626 0.0137886 0.00168147 0.00498829 0.00205505 0.00382773 0.963873 
Point 22: 0.0265548 0.0378191 0.165177 0.0306204 0.716236 0.0158462 0.0077468 
Point 23: 0.0412259 0.0336094 0.00609209 0.0158165 0.00638311 0.0175035 0.87937 
Point 24: 0.00922739 0.0013508 0.0041955 0.00628759 0.00251546 0.974344 0.00207927 
Point 25: 0.0082001 0.015181 0.0233555 0.174991 0.755496 0.0134068 0.00936982 
Point 26: 0.112637 0.722703 0.0446964 0.0183517 0.0411791 0.0142871 0.0461461 
Point 27: 0.0405421 0.00250899 0.00648886 0.00487061 0.0025394 0.939108 0.0039417 
Point 28: 0.0355022 0.00611533 0.00831439 0.0398022 0.00785283 0.885357 0.0170559 
Point 29: 0.221536 0.330576 0.138743 0.0584198 0.145753 0.0466102 0.0583626 
Point 30: 0.0455893 0.104208 0.501121 0.0173326 0.309078 0.0132101 0.00946197 
Point 31: 0.00125806 0.00125381 0.000965119 0.983849 0.00431289 0.00457691 0.00378386 
Point 32: 0.000901731 0.00037286 0.997288 0.000134442 0.000920763 0.000307501 7.43442e-05 
Point 33: 0.000217042 0.000455857 0.000211379 0.995451 0.00240302 0.000377937 0.000884083 
Point 34: 0.132729 0.015805 0.383536 0.0291284 0.0548442 0.375483 0.0084741 
Point 35: 0.014172 0.000733654 0.00350297 0.00142772 0.000983163 0.978363 0.000817235 
Point 36: 0.000687919 0.000145536 0.998491 6.63517e-05 0.000354525 0.000220804 3.4023e-05 
Point 37: 0.0752535 0.00854888 0.0977754 0.0190724 0.0212166 0.771548 0.00658477 
Point 38: 0.0139214 0.0155363 0.115354 0.0405029 0.79019 0.0186969 0.00579925 
Point 39: 0.00105889 0.00131271 0.000706705 0.985259 0.00329719 0.00283679 0.00552905 
Point 40: 0.016203 0.0141858 0.118606 0.0517045 0.767833 0.0256817 0.00578641 
Point 41: 0.0388239 0.0038827 0.925267 0.00270794 0.00858148 0.019404 0.00133327 
Point 42: 0.867684 0.00549892 0.014477 0.00402823 0.0035322 0.100122 0.0046579 
Point 43: 0.059443 0.0275513 0.887504 0.0027305 0.0142186 0.0057202 0.00283251 
Point 44: 0.00263328 0.00447765 0.0267692 0.00579746 0.957037 0.00221779 0.00106769 
Point 45: 0.00835511 0.000326103 0.00110426 0.000632895 0.000369224 0.988794 0.000418443 
Point 46: 0.00431845 0.0307208 0.0217368 0.00906087 0.928392 0.00230815 0.00346333 
Point 47: 0.800563 0.010861 0.0161848 0.00697389 0.0049192 0.145646 0.0148527 
Point 48: 0.945076 0.00356983 0.0323448 0.00120158 0.00199854 0.0143133 0.00149628 
Point 49: 0.00112022 0.00220932 0.00564891 0.00464437 0.984745 0.00102238 0.000609456 
Point 50: 0.097573 0.464464 0.0249119 0.0443264 0.0386286 0.0226171 0.307479 
Point 51: 0.0101292 0.00540105 0.973048 0.00114405 0.00706695 0.00235841 0.000852695 
Point 52: 0.00204334 0.00641515 0.000767176 0.00622433 0.00171142 0.00146197 0.981377 
Point 53: 0.880902 0.00839969 0.0926294 0.0016763 0.00370911 0.0104591 0.00222386 
Point 54: 0.267174 0.0879458 0.0362652 0.118543 0.0405465 0.17137 0.278156 
Point 55: 0.232208 0.00614506 0.063228 0.00720107 0.0080785 0.678712 0.00442683 
Point 56: 0.000741649 0.00139881 0.000178079 0.00118585 0.000313855 0.00045108 0.995731 
Point 57: 0.638468 0.0288229 0.298335 0.00374157 0.0102268 0.0151545 0.00525171 
Point 58: 0.916714 0.00359031 0.0336269 0.00183146 0.00261899 0.0397353 0.00188259 
Point 59: 0.0533742 0.760301 0.0825074 0.012986 0.0513629 0.0104052 0.0290632 
Point 60: 0.149282 0.0423337 0.764145 0.00509875 0.0191833 0.0137883 0.00616884 
Point 61: 0.0615757 0.0140009 0.724816 0.0209705 0.0647463 0.107616 0.00627453 
Point 62: 0.99302 0.000585938 0.00356931 0.000182878 0.000284824 0.0021073 0.000250087 
Point 63: 0.171012 0.0513002 0.73221 0.00517106 0.0230515 0.0116933 0.00556197 
Point 64: 0.0104149 0.835773 0.00743082 0.0201618 0.031411 0.0037823 0.0910266 
Point 65: 0.0138798 0.0862656 0.0118477 0.570192 0.117076 0.0125801 0.188159 
Point 66: 0.140209 0.628822 0.146871 0.0102936 0.0361584 0.013316 0.02433 
Point 67: 0.00260043 0.0137556 0.00116627 0.00982394 0.0031892 0.00169778 0.967767 
Point 68: 0.103026 0.59209 0.218501 0.00963953 0.0498558 0.0108558 0.0160327 
Point 69: 0.01671 0.304916 0.0378065 0.0493563 0.549182 0.0086454 0.0333834 
Point 70: 0.00568238 0.014093 0.0176993 0.0769642 0.8714 0.00725779 0.00690337 
Point 71: 0.973353 0.00501789 0.00589267 0.00148684 0.00158515 0.00959166 0.00307314 
Point 72: 0.631084 0.0299052 0.047848 0.0274465 0.0211429 0.215924 0.0266491 
Point 73: 0.000914388 0.00624617 0.00268961 0.00606618 0.982168 0.000647373 0.00126832 
Point 74: 0.0916839 0.00891901 0.108321 0.0170972 0.019795 0.747513 0.00667092 
Point 75: 0.000216145 0.00030807 0.000157849 0.996818 0.000918192 0.000510706 0.00107131 
Point 76: 9.41925e-07 2.51565e-07 0.999998 8.91612e-08 5.19418e-07 2.56378e-07 5.14e-08 
Point 77: 0.747795 0.0773077 0.0350691 0.0125264 0.0123024 0.0454238 0.0695751 
Point 78: 0.388317 0.331552 0.160303 0.0147491 0.0337038 0.0286547 0.0427208 
Point 79: 0.00187842 0.00236594 0.00222585 0.967343 0.0164521 0.00555266 0.0041821 
Point 80: 0.993711 0.0010139 0.00130075 0.000308292 0.000312965 0.00264179 0.000711618 
Point 81: 0.0136205 0.00956797 0.863171 0.00725674 0.0945166 0.00954338 0.00232352 
Point 82: 0.195034 0.687574 0.0321955 0.0083665 0.0145698 0.0114402 0.05082 
Point 83: 0.00521773 0.00922917 0.00577287 0.886374 0.0743732 0.00845173 0.010581 
Point 84: 0.00555918 0.000861394 0.991303 0.000234164 0.000997997 0.000868014 0.000176495 
Point 85: 0.0217326 0.00683958 0.954408 0.0018617 0.00846627 0.00527408 0.00141787 
Point 86: 0.013064 0.852712 0.0117547 0.0153646 0.0318089 0.00456246 0.0707333 
Point 87: 0.0452803 0.00144353 0.00405371 0.00253493 0.00144071 0.94334 0.00190686 
Point 88: 0.0648748 0.0197587 0.154105 0.132868 0.146542 0.46699 0.0148607 
Point 89: 0.0165209 0.00329778 0.97378 0.000681123 0.00295697 0.0021756 0.000587228 
Point 90: 0.0204728 0.932424 0.00587873 0.00306396 0.00494361 0.00248027 0.030737 
Point 91: 0.899147 0.0276335 0.0463749 0.00288342 0.00535075 0.0117745 0.00683572 
Point 92: 0.00745765 0.900748 0.00863229 0.0118589 0.0385335 0.00272231 0.0300473 
Point 93: 0.0206203 0.0254134 0.667102 0.0136282 0.255964 0.0122689 0.00500356 
Point 94: 0.000827703 0.00163135 0.000235709 0.00219495 0.000469544 0.000624955 0.994016 
Point 95: 0.00334424 0.982344 0.00424081 0.00118011 0.00514439 0.000654588 0.00309175 
Point 96: 0.00928441 0.0121989 0.0232048 0.376066 0.549704 0.0205672 0.00897425 
Point 97: 0.00558602 0.915615 0.00274001 0.00429545 0.00575047 0.00147208 0.0645414 
Point 98: 0.637517 0.052352 0.0313627 0.0225349 0.0143583 0.125491 0.116385 
Point 99: 0.0296573 0.0244769 0.361828 0.0289384 0.525436 0.0233167 0.00634596 
Point 100: 0.0165835 0.00332454 0.0102123 0.0229349 0.0079087 0.933959 0.0050769 
